for low probabilty
{
  "sequence": [
    [0.1, 1.0, 0.0, 0.0, 0.01],  
    [0.2, 1.0, 1.0, 0.05, 0.02],
    [0.3, 1.0, 2.0, 0.06, 0.03],
    [0.4, 1.0, 3.0, 0.055, 0.04],
    [0.5, 1.0, 4.0, 0.07, 0.05],
    [0.6, 1.0, 5.0, 0.075, 0.06],
    [0.7, 1.0, 6.0, 0.08, 0.07],
    [0.8, 1.0, 7.0, 0.085, 0.08],
    [0.9, 1.0, 8.0, 0.09, 0.09],
    [1.0, 1.0, 9.0, 0.095, 0.1]
  ]
}


for higher probabilty
{
  "sequence": [
    [0.1, 1.0, 0.0, 0.0, 0.5],
    [0.2, 1.0, 1.0, 0.5, 0.6],
    [0.3, 1.0, 2.0, 0.6, 0.7],
    [0.4, 1.0, 3.0, 0.55, 0.65],
    [0.5, 1.0, 4.0, 0.7, 0.8],
    [0.6, 1.0, 5.0, 0.75, 0.9],
    [0.7, 1.0, 6.0, 0.8, 1.0],
    [0.8, 1.0, 7.0, 0.85, 1.1],
    [0.9, 1.0, 8.0, 0.9, 1.2],
    [1.0, 1.0, 9.0, 0.95, 0.1]  
  ]
}